-13 11
0 67
-36 95
70 79
96 45
-49 78
93 57
-99 -79
-94 -96
-30 -75
-17 22
-91 100
-83 -58
-7 79
-68 66
31 -11
28 78
76 85
38 61
-38 -76
-96 -78
44 -16
28 7
98 53
-59 -94
14 53
-19 -85
100 84
-19 76
-25 -95
78 -16
76 -22
96 68
1 1
-51 34
54 -95
4 -95
-59 -96
-95 24
-82 61
-97 1
35 -37
-59 21
77 16
64 -63
12 -82
-33 -33
-74 -29
61 -6
-85 -97
-35 92
20 -81
-14 -16
-49 -64
93 -30
-73 2
-71 -33
25 49
-5 35
-73 34
33 -68
52 55
-68 72
16 45
46 83
-35 -9
-50 92
-28 92
72 53
26 81
0 12
-98 -10
87 69
-17 21
-19 30
-62 58
-13 -50
-59 -80
33 92
-7 -77
-30 -95
-90 92
-9 23
85 -66
96 42
82 -68
48 -53
-22 -67
-3 87
45 80
-35 -32
37 11
-20 -94
-9 14
30 -44
-13 -75
94 -50
46 39
41 -58
-85 -63