10000 0 0 0 1 1 0 1 1 1 0 0 0 1 0 1
10001 1 0 0 1 1 1 1 0 0 1 0 0 1 1 1
10002 0 0 0 0 1 0 0 0 0 1 0 0 1 0 1
10003 0 1 0 1 0 0 0 0 0 0 1 1 0 1 1
10004 0 1 0 1 0 1 1 0 1 0 1 0 0 0 0
10005 1 1 1 1 1 1 1 1 0 0 1 1 1 1 0
10006 1 0 0 1 1 1 1 1 1 1 1 1 1 1 0
10007 0 0 1 1 1 0 1 1 0 1 0 1 1 0 0
10008 0 0 1 1 0 0 1 1 1 1 1 1 0 0 0
10009 0 1 0 1 0 0 0 1 0 1 0 0 0 1 1
10010 1 1 1 0 1 0 1 1 1 1 0 0 1 0 1
10011 1 0 1 1 0 1 1 1 0 1 0 0 0 1 0
10012 0 1 0 0 1 0 0 0 1 1 0 0 1 1 0
10013 0 1 0 0 0 1 0 1 1 0 0 0 0 1 1
10014 1 1 1 0 0 1 1 1 0 0 0 0 0 1 0
10015 1 1 0 0 0 0 1 1 0 1 1 1 0 0 1
10016 0 1 1 1 1 0 1 0 0 1 1 0 1 0 1
10017 0 1 0 0 1 1 1 0 0 0 0 0 0 1 0
10018 1 0 0 0 0 0 1 1 1 0 0 0 1 1 1
10019 0 0 0 1 0 0 1 0 0 0 0 0 1 1 1
10020 0 1 0 1 0 0 0 0 0 0 0 1 0 1 0
10021 1 0 1 0 0 1 0 0 0 0 0 0 0 0 0
10022 1 0 1 1 1 1 0 0 1 1 0 0 1 0 0
10023 0 1 0 1 0 0 0 0 0 0 0 0 0 1 1
10024 0 0 1 0 1 1 1 0 1 0 0 1 1 0 0
10025 0 1 1 0 0 1 1 1 0 0 1 1 0 1 0
10026 0 0 1 1 0 1 0 1 1 1 1 0 0 0 1
10027 1 1 1 0 1 0 0 0 1 0 1 0 0 1 1
10028 0 0 0 1 0 0 1 1 1 0 1 0 0 0 1
10029 0 0 0 1 1 1 0 1 1 0 0 1 0 0 0
10030 0 0 0 0 1 0 1 1 1 1 1 1 1 1 0
10031 1 0 1 0 1 1 1 1 1 0 0 1 0 1 1
10032 0 1 0 1 0 1 1 0 0 1 1 1 1 1 0
10033 1 1 0 1 1 0 0 0 0 1 0 0 1 0 0
10034 0 1 1 0 0 1 0 0 1 1 0 0 1 0 1
10035 1 0 0 1 0 0 0 0 0 1 1 0 1 1 0
10036 0 0 0 1 1 1 0 0 1 0 1 1 1 1 1
10037 1 1 0 0 0 1 0 1 0 1 0 1 0 1 0
10038 1 0 0 1 1 0 1 1 0 1 1 1 0 0 0
10039 1 1 0 0 0 1 0 0 0 1 0 1 0 0 0
10040 1 0 1 0 0 1 0 0 0 0 0 1 0 0 1
10041 1 0 1 0 1 0 1 0 1 1 0 1 0 1 0
10042 1 0 0 1 1 1 0 0 0 1 1 0 1 1 0
10043 0 1 1 0 1 1 0 1 0 1 0 1 0 0 0
10044 1 0 1 0 0 0 1 0 1 1 1 1 1 0 1
10045 0 1 0 1 0 0 1 1 0 1 0 0 1 0 0
10046 0 0 0 0 1 0 1 1 0 0 0 0 0 0 0
10047 0 1 1 1 0 0 0 0 0 0 0 1 0 0 1
10048 1 0 0 1 0 1 0 1 0 1 0 1 1 0 0
10049 1 1 0 0 0 0 1 0 0 0 0 1 0 1 1